1.654946590361550118e-02
7.572445136350720585e-01
5.372191163376597300e-01
5.547684497300758855e-01
9.853018303890377361e-01
5.996371286769772713e-01
6.465105389880058118e-01
8.550180018507721469e-01
6.743684692103804057e-01
6.373970316338762876e-01
8.327736267409352466e-01
3.326125327839305479e-01
5.245729966163047431e-01
8.760899510502699883e-01
5.117858490184958864e-01
2.130378776681429720e-02
9.049283545823590957e-01
3.358021412939204975e-02
6.639197315945956079e-01
7.210647861444003937e-01
5.688912356171037521e-01
2.873769694192404023e-01
9.370203361949978049e-01
3.105625766966726431e-01
4.616058425183855451e-01
5.082490786397433347e-01
6.734897139427942214e-01
5.105314388578329199e-01
7.495680121931574957e-01
5.687988975978125472e-01
3.151987707285548446e-01
1.132015899847115259e-01
2.478922316376266366e-01
1.047035055195477682e-02
3.225251988247052060e-01
7.941605389844368368e-01
1.884315215663157073e-01
5.296800704278943339e-01
4.780118685363351494e-01
7.011509244566196397e-01
2.042586390674195895e-01
4.428099703134076304e-01
9.342040763976351414e-01
5.134311732721186239e-02
5.578382480881091121e-01
7.587462879088806567e-01
4.990269241208215023e-01
9.901711420520139528e-01
6.546645945083012785e-01
9.869831004867926083e-01
8.487937385048006655e-01
2.565840996167426669e-01
1.019277262643901727e-01
8.840954792110896632e-01
3.381583218357222531e-01
6.946008801477329131e-01
3.562429869559619044e-01
4.397076607024205108e-01
6.910314526573995142e-01
5.052395733080611295e-01
8.958839316372562145e-01
5.297403301618672788e-01
7.748079215292987820e-01
1.522333163056388550e-01
5.891446530246029489e-01
6.190636271161351623e-01
7.957270576814979846e-01
3.642876355054668336e-01
5.826141900123696926e-01
8.438194927460832551e-01
9.665103271685993036e-01
9.917903873841820150e-01
6.805450682936464712e-02
1.670076382752120336e-01
5.219213111176242981e-01
4.705453549721826390e-01
9.246964340607224386e-01
8.861191323127006747e-01
8.435393191317465122e-01
1.880454406972744685e-01
1.994673525283903182e-01
3.000557463942787884e-03
1.743888423014666733e-01
1.642817250580604904e-01
7.740301362638211113e-01
6.944487761451705321e-01
1.444386716682046767e-01
4.856666688435906654e-02
6.551983281321391850e-01
3.284485549139934957e-01
5.532413713316783888e-01
2.469210306927029919e-01
7.831973418566787748e-01
1.343578881082815313e-01
6.969484705001427471e-02
1.275391241479495452e-02
8.296016462394659730e-01
8.616728409482635742e-01
4.221721014596524491e-02
7.102960552227288726e-02
